0. 2020 07 07 11:51:51
1. 2020 07 07 11:51:52
2. 2020 07 07 11:51:53
3. 2020 07 07 11:51:54
4. 2020 07 07 11:51:55
5. 2020 07 07 11:51:56
6. 2020 07 07 11:52:04
7. 2020 07 07 11:52:05
8. 2020 07 07 16:32:08
9. 2020 07 07 16:32:09
10. 2020 07 07 16:32:10
11. 2020 07 07 16:32:11
12. 2020 07 07 16:32:12
13. 2020 07 07 16:32:13
14. 2020 07 07 16:32:14
15. 2020 07 07 16:32:15
16. 2020 07 07 16:32:16
17. 2020 07 07 16:32:17
18. 2020 07 07 16:32:18
19. 2020 07 07 16:32:19
20. 2020 07 07 16:32:20
21. 2020 07 07 16:32:21
22. 2020 07 07 16:32:22
23. 2020 07 07 16:32:23
24. 2020 07 07 16:32:24
25. 2020 07 07 16:32:25
26. 2020 07 07 16:32:26
27. 2020 07 07 16:32:27
28. 2020 07 07 16:32:28
29. 2020 07 07 16:32:29
30. 2020 07 07 16:32:30
31. 2020 07 07 16:32:31
32. 2020 07 07 16:32:32
33. 2020 07 07 16:32:33
34. 2020 07 07 16:32:34
35. 2020 07 07 16:32:35
36. 2020 07 07 16:32:36
37. 2020 07 07 16:32:37
38. 2020 07 07 16:32:38
39. 2020 07 07 16:32:39
40. 2020 07 07 16:32:40
41. 2020 07 07 16:32:41
42. 2020 07 07 16:32:42
43. 2020 07 07 16:32:43
44. 2020 07 07 16:32:45
45. 2020 07 07 16:32:46
46. 2020 07 07 16:32:47
47. 2020 07 07 16:32:48
48. 2020 07 07 16:32:49
49. 2020 07 07 16:32:50
50. 2020 07 07 16:32:51
51. 2020 07 07 16:32:52
52. 2020 07 07 16:32:53
53. 2020 07 07 16:32:54
54. 2020 07 07 16:32:55
55. 2020 07 07 16:32:56
56. 2020 07 07 16:32:57
57. 2020 07 07 16:32:58
58. 2020 07 07 16:32:59
59. 2020 07 07 16:33:00
60. 2020 07 07 16:33:01
61. 2020 07 07 16:33:02
62. 2020 07 07 16:33:03
63. 2020 07 07 16:33:04
64. 2020 07 07 16:33:05
65. 2020 07 07 16:33:06
66. 2020 07 07 16:33:07
67. 2020 07 07 16:33:08
68. 2020 07 07 16:33:09
69. 2020 07 07 16:33:10
70. 2020 07 07 16:33:11
71. 2020 07 07 16:33:12
72. 2020 07 07 16:33:13
73. 2020 07 07 16:33:14
74. 2020 07 07 16:33:15
75. 2020 07 07 16:33:16
76. 2020 07 07 16:33:17
